// version number
2,

// byte type: WASM_SYMBOL_TABLE
8,

// payload_length: 299
171, 130, 128, 128, 0, 

// count of syminfo
13,

// ------------------------------
// kind: Function
0,

// flags: 0
0,

// idx
8, 

// byte length of name  
46,

// __wbindgen_describe___wbg_log_768d37afc380db18
95, 95, 119, 98, 105, 110, 100, 103, 101, 110, 95, 100, 101, 115, 99, 114, 105, 98, 101, 95, 95, 95, 119, 98, 103, 95, 108, 111, 103, 95, 55, 54, 56, 100, 51, 55, 97, 102, 99, 51, 56, 48, 100, 98, 49, 56,

// -----------------------------
// kind: Function
0,

// flags: WASM_SYM_UNDEFINED -> symbol references imported function
16, 

// idx
0,

// -----------------------------
// kind: Function
0,
// flags: WASM_SYM_UNDEFINED | WASM_SYM_EXPLICIT_NAME 
80,

// idx
1, 

// length of name
58,

// _ZN12wasm_bindgen19__wbindgen_describe17hfe8ff146947748a5E
95, 90, 78, 49, 50, 119, 97, 115, 109, 95, 98, 105, 110, 100, 103, 101, 110, 49, 57, 95, 95, 119, 98, 105, 110, 100, 103, 101, 110, 95, 100, 101, 115, 99, 114, 105, 98, 101, 49, 55, 104, 102, 101, 56, 102, 102, 49, 52, 54, 57, 52, 55, 55, 52, 56, 97, 53, 69,

0, 16, 2, 0, 16, 3,

// idx
0, 0, 9, 

// length of name
11, 

// component_a
99, 111, 109, 112, 111, 110, 101, 110, 116, 95, 97,

1, 16, 32, 95, 95, 114, 117, 115, 116, 95, 110, 111, 95, 97, 108, 108, 111, 99, 95, 115, 104, 105, 109, 95, 105, 115, 95, 117, 110, 115, 116, 97, 98, 108, 101, 0, 16, 4, 0, 16, 5, 1, 2, 13, 46, 76, 95, 95, 117, 110, 110, 97, 109, 101, 100, 95, 49, 0, 0, 10, 0, 80, 6, 60, 95, 90, 78, 52, 109, 111, 100, 49, 51, 108, 111, 103, 50, 54, 95, 95, 119, 98, 103, 95, 108, 111, 103, 95, 55, 54, 56, 100, 51, 55, 97, 102, 99, 51, 56, 48, 100, 98, 49, 56, 49, 55, 104, 51, 48, 53, 56, 53, 101, 101, 51, 53, 50, 102, 49, 57, 98, 52, 100, 69, 0, 16, 7, 0, 0, 10, 31, 

// __wbindgen_describe_component_a
  95, 95, 119, 98, 105, 110, 100, 103, 101, 110, 95, 100, 101, 115, 99, 114, 105, 98, 101, 95, 99, 111, 109, 112, 111, 110, 101, 110, 116, 95, 97,
 
 5, 153, 128, 128, 128, 0, 1, 21, 46, 114, 111, 100, 97, 116, 97, 46, 46, 76, 95, 95, 117, 110, 110, 97, 109, 101, 100, 95, 49, 0, 0
